0 1 4 6
0 2 4 70
0 1 4 7
0 2 4 63
1 3 4 1050
1 3 4 1398
1 3 7 5631
1 3 9 7404
1 3 10 12947
1 3 6 1835
1 3 8 2115
1 3 12 13469
0 3 7 0
0 3 4 0
0 3 4 7
0 3 6 10
0 3 9 31
0 3 10 51
0 3 5 10
0 3 4 7
0 3 2 3
0 3 3 6
0 3 4 9
0 3 7 15
0 3 7 15
0 3 8 24
0 3 10 46
0 3 10 42
0 3 4 11
0 3 6 11
0 3 4 6
0 3 4 7
0 3 10 48
0 3 6 12
0 3 8 23
0 2 4 65
0 2 7 92
0 3 2 251
0 3 5 299
0 3 4 1184
0 3 4 1139
0 3 7 6460
0 3 5 19
0 3 2 251
0 3 4 7
0 3 2 2
0 3 1 2
0 3 4 10
0 3 4 7110
0 3 3 525
0 3 3 527
0 3 4 6915
0 3 5 325
0 3 4 62
0 3 6 72079
0 3 3 59
0 3 4 70
0 3 5 312
0 3 5 315
0 3 5 340
0 3 4 74
0 3 15 102
0 3 4 9
1 3 4 1542
1 3 4 3291
0 3 4 379
0 3 4 360
1 3 4 1287
1 3 4 2842
1 3 4 2021
1 3 4 3996
1 3 4 816
1 3 4 2700
1 3 4 2998
0 3 4 348
0 3 4 420
0 3 4 453
0 3 8 1096
1 3 6 2580
1 3 10 5659
1 3 4 1155
1 3 12 8417
1 3 4 1375
1 3 4 1330
1 1 4 7763
0 1 4 6
0 1 4 1
0 1 4 1302
0 1 4 1165
0 1 4 1528
0 2 4 76
0 2 8 78
0 2 10 463
0 2 7 101
0 1 4 935
0 1 4 1143
0 1 4 975
0 1 4 408
0 1 4 475
1 1 4 42291
1 4 5 763
1 4 5 3017
1 4 5 449
1 4 2 0
1 4 3 11997
1 4 4 948
1 4 5 4935
1 4 5 2322
1 4 5 1428
1 4 5 1398
1 4 5 0
1 4 5 1025
1 4 8 4143
1 4 8 32018
1 4 8 17030
1 4 8 93888
1 4 8 6033
1 4 8 15621
1 4 5 17271
1 4 5 9496
1 4 3 3093
1 4 3 843
1 4 3 6618
1 1 4 5207
1 1 4 39417
1 2 4 4063
1 2 6 5892
1 2 8 17958
1 2 10 8134
1 3 4 5597
1 3 4 5254
1 3 8 15015
1 4 5 808
0 1 4 8
0 2 4 64
0 3 4 11
1 4 4 0
1 4 8 2103
1 4 8 15765
1 4 8 43850
1 1 4 42589
1 1 4 19366
1 2 4 16420
1 3 4 4416
1 1 4 257
1 3 8 20392
1 1 4 8412
1 4 8 51303
1 4 4 75339
1 4 10 58187
0 2 8 2722
1 3 8 93441
1 3 10 81432
1 2 8 6256
1 4 5 38159
1 4 5 19497
1 4 5 17317
1 4 5 8945
1 4 5 1835
0 5 6 2946
0 5 4 1924
0 5 4 1922
0 5 10 5326
1 4 5 12578
1 4 5 12561
1 4 5 11703
1 4 3 13497
0 5 5 2426
0 5 4 1932
0 5 25 24997
0 5 28 32338
0 5 1 498
0 5 2 1011
0 5 2 1038
0 5 2 1018
0 6 4 0
1 6 4 2307
1 6 8 7140
1 6 3 1939
1 6 3 2241
1 6 8 2948
1 6 4 2437
1 6 10 3834
0 6 10 5422
1 6 2 2625
1 6 5 3301
1 6 5 1929
1 5 8 5767
1 4 5 7623
1 4 8 29665
1 4 10 16352
1 4 10 17401
1 3 4 1516
1 3 5 520
1 2 3 354
1 1 3 354
1 1 4 420
1 2 4 366
1 3 4 396
1 4 4 589
1 5 4 1639
1 4 8 0
1 4 8 4431
1 4 8 3115
1 1 4 616
0 1 4 5805
0 1 4 5873
0 2 4 1503
0 3 4 1025
1 4 4 87305
0 5 4 1961
0 6 4 1920
0 6 10 5402
1 4 5 11697
0 2 4 1553
0 1 2 1872
0 1 5 2482
0 1 1 547
0 5 4 1936
0 6 5 2463
1 3 4 1480
1 3 10 7914
1 3 8 74
1 3 8 3222
1 3 8 81
1 3 6 1985
1 3 6 69
1 3 6 2380
1 3 6 1932
1 3 6 2950
0 3 4 1233
0 3 5 1810
0 3 6 2400
0 3 10 4455
0 3 7 3196
0 2 4 1915
1 3 4 1269
1 6 4 1799
0 6 10 0
0 6 8 0
0 6 12 56
0 5 5 0
0 5 5 0
0 5 10 42
1 4 5 0
1 4 5 78
1 4 8 104
0 1 3 4
1 1 4 95896
1 2 4 18386
1 2 8 45020
1 4 8 135444
1 3 4 6224
1 5 8 34806
1 6 8 13707
1 2 11 5417
0 2 11 91362
0 2 6 242
0 2 7 284
0 2 5 196
1 2 10 5770
1 2 10 30809
1 2 10 51405
1 2 8 1847
1 2 7 524275
0 2 7 137
0 2 10 71418
0 2 11 1623945
0 2 4 0
0 2 5 71
0 2 2 72
0 2 3 66
0 2 4 0
1 2 4 65455
1 2 4 1436
1 2 7 56893
1 2 8 4538
1 2 9 19794
0 2 9 115
0 2 10 56069
0 2 4 100
0 2 6 22
0 2 6 24
0 2 5 99
0 2 6 25
1 2 6 94985
1 2 6 6555
0 2 6 70
0 4 6 77
0 4 8 105
0 4 10 130
0 4 12 149
0 4 8 102
0 4 6 75
0 2 4 67
0 3 4 29
0 2 4 188
0 1 4 39
0 2 2 129
0 2 6 137
0 2 3 186
0 2 6 165
0 2 5 149
0 2 9 251
0 2 10 113407
0 2 8 101
1 1 4 5 28266
1 4 8 53573
1 4 8 61083
1 4 30 943
0 4 30 926
0 4 8 98
0 3 4 6
0 2 4 63
0 2 6 73
0 2 5 68
0 3 5 10
0 2 5 66
0 2 5 67
0 2 2 66
0 2 6 73
0 2 8 76
0 0 2 9 89
0 2 10 48843
0 2 8 82
0 2 9 95
0 2 7 89
0 2 6 70
1 2 6 9222
1 2 5 5978
0 2 4 59
0 2 5 67
0 2 6 74
0 2 7 93
0 2 8 89
0 2 9 99
0 2 1 59
0 2 0 56
0 2 0 54
0 2 0 57
0 2 10 41348
0 5 5 11
0 6 5 9
0 2 8 85
0 3 10 41
0 3 8 21
1 2 8 1604
1 4 2 0
1 4 5 5192
1 5 8 4392
1 5 8 2387
1 6 5 2477
1 4 6 7813
0 4 6 111
0 1 4 12
0 1 5 15
0 1 5 9
0 1 4 7
0 1 5 12
0 1 5 9
0 1 8 21
0 1 10 39
0 1 11 46
0 2 4 71
0 2 5 68
0 2 4 64
0 2 5 65
0 2 8 76
0 2 10 39519
0 2 7 93
0 3 4 6
0 3 6 15
0 3 8 21
0 3 8 28
0 3 8 29
0 3 1 2
0 3 0 0
0 3 10 45
0 3 12 69
0 3 14 88
0 4 4 0
0 4 6 82
0 4 4 0
0 4 6 74
0 4 8 100
0 4 10 120
0 4 12 150
0 4 14 187
